101 stops, 130 students, 20.00 maximum walk, 50 capacity
0 66 34
1 0 0
2 0 9
3 0 18
4 0 27
5 0 36
6 0 45
7 0 54
8 0 63
9 0 72
10 0 81
11 9 0
12 9 9
13 9 18
14 9 27
15 9 36
16 9 45
17 9 54
18 9 63
19 9 72
20 9 81
21 18 0
22 18 9
23 18 18
24 18 27
25 18 36
26 18 45
27 18 54
28 18 63
29 18 72
30 18 81
31 27 0
32 27 9
33 27 18
34 27 27
35 27 36
36 27 45
37 27 54
38 27 63
39 27 72
40 27 81
41 36 0
42 36 9
43 36 18
44 36 27
45 36 36
46 36 45
47 36 54
48 36 63
49 36 72
50 36 81
51 45 0
52 45 9
53 45 18
54 45 27
55 45 36
56 45 45
57 45 54
58 45 63
59 45 72
60 45 81
61 54 0
62 54 9
63 54 18
64 54 27
65 54 36
66 54 45
67 54 54
68 54 63
69 54 72
70 54 81
71 63 0
72 63 9
73 63 18
74 63 27
75 63 36
76 63 45
77 63 54
78 63 63
79 63 72
80 63 81
81 72 0
82 72 9
83 72 18
84 72 27
85 72 36
86 72 45
87 72 54
88 72 63
89 72 72
90 72 81
91 81 0
92 81 9
93 81 18
94 81 27
95 81 36
96 81 45
97 81 54
98 81 63
99 81 72
100 81 81


1 51 48
2 50 56
3 50 53
4 52 47
5 50 49
6 50 56
7 48 52
8 53 52
9 51 50
10 50 56
11 52 48
12 52 52
13 52 53
14 52 50
15 51 50
16 22 22
17 81 98
18 24 25
19 20 16
20 81 98
21 25 26
22 24 23
23 21 17
24 27 26
25 81 98
26 16 19
27 21 17
28 31 25
29 32 26
30 27 26
31 81 98
32 81 81
33 82 69
34 84 70
35 80 20
36 56 24
37 48 25
38 51 28
39 90 18
40 85 17
41 86 20
42 82 19
43 82 24
44 51 25
45 81 25
46 80 24
47 79 57
48 79 54
49 81 58
50 79 60
51 54 64
52 57 70
53 53 56
54 54 62
55 56 68
56 54 59
57 54 62
58 54 59
59 54 63
60 53 57
61 53 60
62 57 70
63 56 71
64 55 61
65 56 71
66 55 64
67 55 62
68 53 62
69 55 69
70 83 40
71 86 32
72 81 32
73 34 7
74 33 7
75 81 98
76 37 1
77 81 98
78 38 3
79 81 98
80 35 4
81 35 0
82 81 98
83 81 98
84 37 5
85 36 6
86 55 74
87 56 74
88 56 76
89 55 74
90 49 15
91 50 20
92 53 12
93 53 12
94 52 16
95 50 19
96 52 19
97 52 10
98 51 18
99 47 18
100 52 18
101 50 20
102 50 20
103 48 18
104 48 19
105 53 11
106 52 10
107 50 22
108 49 20
109 53 15
110 51 14
111 51 11
112 61 76
113 62 78
114 62 78
115 69 79
116 61 76
117 67 81
118 62 78
119 38 50
120 39 47
121 40 50
122 34 43
123 40 50
124 39 48
125 81 98
126 37 52
127 81 98
128 40 50
129 81 98
130 0 32
