141 stops, 69 students, 30.00 maximum walk, 50 capacity
0 25 65
1 0 0
2 0 7
3 0 15
4 0 23
5 0 31
6 0 39
7 0 47
8 0 55
9 0 63
10 0 71
11 0 79
12 0 86
13 0 94
14 0 102
15 7 0
16 7 7
17 7 15
18 7 23
19 7 31
20 7 39
21 7 47
22 7 55
23 7 63
24 7 71
25 7 79
26 7 86
27 7 94
28 7 102
29 15 0
30 15 7
31 15 15
32 15 23
33 15 31
34 15 39
35 15 47
36 15 55
37 15 63
38 15 71
39 15 79
40 15 86
41 15 94
42 15 102
43 23 0
44 23 7
45 23 15
46 23 23
47 23 31
48 23 39
49 23 47
50 23 55
51 23 63
52 23 71
53 23 79
54 23 86
55 23 94
56 23 102
57 31 0
58 31 7
59 31 15
60 31 23
61 31 31
62 31 39
63 31 47
64 31 55
65 31 63
66 31 71
67 31 79
68 31 86
69 31 94
70 31 102
71 39 0
72 39 7
73 39 15
74 39 23
75 39 31
76 39 39
77 39 47
78 39 55
79 39 63
80 39 71
81 39 79
82 39 86
83 39 94
84 39 102
85 47 0
86 47 7
87 47 15
88 47 23
89 47 31
90 47 39
91 47 47
92 47 55
93 47 63
94 47 71
95 47 79
96 47 86
97 47 94
98 47 102
99 55 0
100 55 7
101 55 15
102 55 23
103 55 31
104 55 39
105 55 47
106 55 55
107 55 63
108 55 71
109 55 79
110 55 86
111 55 94
112 55 102
113 63 0
114 63 7
115 63 15
116 63 23
117 63 31
118 63 39
119 63 47
120 63 55
121 63 63
122 63 71
123 63 79
124 63 86
125 63 94
126 63 102
127 71 0
128 71 7
129 71 15
130 71 23
131 71 31
132 71 39
133 71 47
134 71 55
135 71 63
136 71 71
137 71 79
138 71 86
139 71 94
140 71 102


1 36 34
2 38 44
3 35 34
4 38 48
5 36 34
6 35 33
7 37 39
8 5 8
9 7 21
10 0 16
11 58 77
12 58 77
13 64 72
14 59 78
15 35 30
16 29 19
17 35 29
18 30 19
19 29 20
20 34 22
21 34 19
22 26 19
23 36 30
24 31 24
25 32 23
26 40 23
27 37 21
28 30 23
29 30 23
30 75 104
31 76 105
32 77 102
33 73 106
34 75 106
35 78 102
36 74 105
37 77 108
38 78 105
39 74 105
40 77 104
41 77 115
42 77 105
43 78 109
44 78 108
45 75 105
46 77 113
47 79 106
48 43 56
49 39 55
50 40 49
51 42 52
52 47 49
53 40 51
54 42 61
55 42 58
56 40 59
57 54 44
58 10 0
59 38 118
60 46 114
61 38 118
62 22 15
63 19 20
64 26 17
65 21 16
66 27 16
67 39 76
68 41 71
69 39 77
