211 stops, 400 students, 20.00 maximum walk, 25 capacity
0 47 39
1 0 0
2 0 6
3 0 12
4 0 18
5 0 24
6 0 30
7 0 36
8 0 42
9 0 48
10 0 54
11 0 60
12 0 66
13 0 72
14 0 78
15 6 0
16 6 6
17 6 12
18 6 18
19 6 24
20 6 30
21 6 36
22 6 42
23 6 48
24 6 54
25 6 60
26 6 66
27 6 72
28 6 78
29 12 0
30 12 6
31 12 12
32 12 18
33 12 24
34 12 30
35 12 36
36 12 42
37 12 48
38 12 54
39 12 60
40 12 66
41 12 72
42 12 78
43 18 0
44 18 6
45 18 12
46 18 18
47 18 24
48 18 30
49 18 36
50 18 42
51 18 48
52 18 54
53 18 60
54 18 66
55 18 72
56 18 78
57 24 0
58 24 6
59 24 12
60 24 18
61 24 24
62 24 30
63 24 36
64 24 42
65 24 48
66 24 54
67 24 60
68 24 66
69 24 72
70 24 78
71 30 0
72 30 6
73 30 12
74 30 18
75 30 24
76 30 30
77 30 36
78 30 42
79 30 48
80 30 54
81 30 60
82 30 66
83 30 72
84 30 78
85 36 0
86 36 6
87 36 12
88 36 18
89 36 24
90 36 30
91 36 36
92 36 42
93 36 48
94 36 54
95 36 60
96 36 66
97 36 72
98 36 78
99 42 0
100 42 6
101 42 12
102 42 18
103 42 24
104 42 30
105 42 36
106 42 42
107 42 48
108 42 54
109 42 60
110 42 66
111 42 72
112 42 78
113 48 0
114 48 6
115 48 12
116 48 18
117 48 24
118 48 30
119 48 36
120 48 42
121 48 48
122 48 54
123 48 60
124 48 66
125 48 72
126 48 78
127 54 0
128 54 6
129 54 12
130 54 18
131 54 24
132 54 30
133 54 36
134 54 42
135 54 48
136 54 54
137 54 60
138 54 66
139 54 72
140 54 78
141 60 0
142 60 6
143 60 12
144 60 18
145 60 24
146 60 30
147 60 36
148 60 42
149 60 48
150 60 54
151 60 60
152 60 66
153 60 72
154 60 78
155 66 0
156 66 6
157 66 12
158 66 18
159 66 24
160 66 30
161 66 36
162 66 42
163 66 48
164 66 54
165 66 60
166 66 66
167 66 72
168 66 78
169 72 0
170 72 6
171 72 12
172 72 18
173 72 24
174 72 30
175 72 36
176 72 42
177 72 48
178 72 54
179 72 60
180 72 66
181 72 72
182 72 78
183 78 0
184 78 6
185 78 12
186 78 18
187 78 24
188 78 30
189 78 36
190 78 42
191 78 48
192 78 54
193 78 60
194 78 66
195 78 72
196 78 78
197 84 0
198 84 6
199 84 12
200 84 18
201 84 24
202 84 30
203 84 36
204 84 42
205 84 48
206 84 54
207 84 60
208 84 66
209 84 72
210 84 78


1 45 43
2 44 37
3 61 0
4 46 7
5 43 56
6 59 34
7 39 62
8 51 36
9 24 66
10 26 62
11 86 25
12 47 68
13 41 16
14 77 58
15 84 28
16 51 40
17 38 2
18 51 48
19 44 34
20 74 58
21 30 3
22 33 36
23 45 10
24 24 52
25 28 51
26 54 35
27 38 17
28 68 31
29 70 31
30 38 11
31 62 63
32 65 49
33 75 39
34 73 47
35 47 39
36 37 21
37 49 84
38 16 52
39 15 38
40 44 65
41 53 59
42 21 52
43 17 72
44 53 61
45 38 87
46 64 3
47 54 33
48 57 63
49 59 0
50 73 50
51 51 42
52 57 45
53 45 45
54 76 37
55 57 37
56 33 29
57 40 46
58 22 52
59 8 36
60 57 21
61 46 38
62 31 50
63 42 67
64 47 59
65 48 38
66 38 48
67 38 24
68 41 35
69 49 55
70 44 79
71 31 45
72 50 30
73 43 36
74 25 37
75 60 54
76 47 13
77 71 38
78 19 43
79 45 43
80 47 39
81 51 53
82 76 48
83 56 79
84 81 47
85 43 32
86 13 67
87 40 44
88 39 48
89 26 59
90 42 16
91 65 14
92 76 40
93 86 42
94 61 36
95 66 67
96 49 73
97 10 36
98 18 58
99 39 39
100 56 50
101 46 48
102 64 36
103 43 49
104 32 50
105 28 58
106 68 37
107 10 33
108 50 67
109 32 38
110 72 42
111 53 38
112 10 36
113 50 48
114 73 27
115 45 38
116 41 35
117 29 49
118 39 41
119 29 3
120 22 70
121 24 19
122 0 58
123 17 62
124 42 52
125 44 40
126 67 21
127 70 27
128 46 40
129 40 38
130 38 46
131 61 41
132 35 30
133 53 6
134 37 41
135 25 48
136 15 35
137 21 48
138 22 32
139 13 53
140 26 44
141 53 45
142 42 50
143 47 38
144 28 39
145 71 47
146 64 39
147 58 48
148 47 40
149 73 31
150 50 34
151 64 28
152 61 19
153 53 46
154 39 44
155 34 16
156 50 71
157 41 48
158 80 29
159 23 22
160 51 44
161 41 59
162 61 14
163 29 15
164 28 76
165 63 38
166 22 84
167 71 25
168 44 31
169 52 44
170 50 61
171 59 58
172 24 60
173 63 27
174 55 0
175 63 45
176 45 34
177 45 42
178 50 43
179 40 54
180 43 33
181 85 24
182 56 46
183 72 55
184 18 31
185 26 35
186 50 39
187 70 30
188 62 20
189 53 42
190 51 42
191 47 35
192 67 10
193 44 35
194 56 39
195 27 39
196 37 9
197 57 44
198 53 40
199 47 48
200 37 45
201 37 34
202 35 12
203 38 72
204 3 28
205 31 37
206 33 40
207 27 32
208 47 64
209 42 57
210 31 36
211 59 36
212 55 40
213 44 71
214 51 50
215 47 54
216 34 23
217 16 39
218 60 9
219 72 33
220 45 16
221 36 32
222 31 36
223 38 36
224 59 55
225 37 52
226 85 52
227 89 21
228 38 34
229 74 14
230 51 49
231 35 16
232 22 59
233 56 59
234 81 32
235 29 70
236 50 34
237 54 42
238 56 13
239 87 50
240 34 69
241 35 36
242 66 32
243 63 26
244 71 22
245 37 63
246 44 40
247 49 50
248 0 47
249 58 40
250 5 47
251 52 34
252 34 36
253 77 55
254 36 25
255 55 34
256 29 7
257 52 25
258 64 4
259 64 10
260 46 55
261 44 48
262 50 26
263 41 41
264 41 11
265 47 39
266 19 37
267 57 28
268 27 11
269 33 40
270 52 8
271 34 64
272 49 35
273 41 60
274 58 58
275 51 16
276 58 58
277 61 18
278 28 42
279 25 22
280 24 12
281 44 35
282 84 39
283 51 36
284 54 45
285 20 34
286 42 58
287 23 25
288 65 61
289 41 41
290 67 26
291 69 67
292 65 49
293 61 24
294 51 61
295 41 54
296 38 22
297 28 36
298 70 33
299 78 43
300 33 3
301 63 40
302 47 14
303 60 51
304 42 43
305 62 23
306 45 51
307 81 45
308 47 60
309 59 15
310 61 17
311 63 3
312 72 61
313 64 4
314 59 1
315 51 29
316 52 40
317 44 34
318 39 41
319 16 25
320 69 31
321 39 46
322 39 70
323 35 43
324 43 47
325 45 39
326 40 68
327 51 41
328 73 54
329 41 54
330 49 23
331 20 49
332 68 16
333 41 32
334 54 9
335 54 42
336 70 15
337 73 12
338 54 42
339 58 44
340 42 28
341 46 37
342 68 68
343 8 34
344 11 40
345 23 70
346 44 42
347 28 71
348 62 11
349 19 45
350 12 42
351 78 31
352 91 52
353 52 36
354 49 34
355 35 31
356 81 16
357 72 27
358 51 14
359 69 26
360 51 47
361 58 72
362 54 51
363 41 1
364 39 54
365 48 31
366 77 23
367 67 32
368 48 35
369 29 41
370 48 46
371 64 36
372 21 38
373 58 25
374 61 70
375 45 30
376 57 40
377 83 40
378 53 40
379 71 75
380 89 40
381 32 8
382 46 38
383 45 59
384 44 5
385 39 5
386 54 48
387 17 58
388 55 32
389 46 19
390 33 37
391 42 33
392 44 30
393 31 67
394 28 5
395 43 34
396 50 18
397 36 43
398 34 30
399 43 10
400 65 31
